0 20 2 15 4 5 18 20 19 16 7 25 16 19 12 16 11 17 3 4 9 6 6 18 22 9
11 0 16 21 17 21 17 7 4 13 6 23 8 25 12 14 25 13 20 6 23 6 8 14 2 17
22 16 0 15 16 19 16 4 6 7 23 8 3 24 7 23 20 21 11 3 7 14 13 10 6 17
12 6 11 0 7 10 20 25 9 19 3 11 12 16 7 15 11 20 22 11 23 16 17 16 13 4
16 2 23 11 0 16 3 8 16 6 16 20 17 13 3 22 22 4 13 25 21 21 11 25 16 12
2 22 11 9 12 0 5 22 4 7 18 7 19 19 17 22 19 21 11 12 11 5 21 7 22 3
13 2 18 10 8 21 0 22 23 7 6 2 12 23 10 25 12 16 2 21 5 22 15 17 12 21
20 17 6 17 13 2 22 0 18 19 6 8 10 19 22 12 15 12 5 24 6 8 18 3 16 25
18 8 13 10 17 22 4 14 0 8 21 19 20 21 18 7 16 17 7 15 21 4 3 21 14 16
6 4 12 3 4 9 22 12 8 0 15 18 22 7 3 17 13 3 22 19 22 18 5 13 9 3
7 8 10 5 6 20 8 16 24 19 0 15 20 20 6 4 3 4 15 9 19 9 23 3 22 17
14 21 12 5 9 10 15 20 11 19 23 0 6 24 17 14 18 19 15 21 18 17 7 20 20 24
4 23 11 8 20 7 2 18 14 7 2 13 0 2 10 3 3 4 14 10 20 3 5 17 7 15
20 15 3 14 10 20 22 24 12 15 6 2 24 0 9 20 15 5 5 3 23 9 21 11 11 13
5 18 4 6 16 24 9 13 6 24 13 15 16 11 0 15 12 8 6 25 16 8 13 13 11 16
24 16 11 21 18 18 18 11 23 10 9 13 8 8 11 0 25 21 20 10 16 8 7 24 17 10
10 14 5 8 10 24 24 11 14 17 11 18 14 17 13 10 0 17 22 11 9 17 8 7 25 10
17 6 7 11 25 10 6 11 22 21 8 19 10 23 11 6 15 0 24 8 24 14 14 15 23 14
21 24 20 15 6 15 22 16 9 25 16 14 5 21 13 8 23 17 0 3 7 18 18 16 5 6
15 17 7 16 10 25 16 14 22 6 13 9 25 5 5 9 8 15 8 0 19 14 6 11 10 13
8 24 3 15 20 5 16 14 3 19 6 9 4 15 25 21 12 22 24 22 0 21 15 6 22 3
18 25 13 7 23 8 3 14 2 10 4 7 12 14 7 2 20 23 24 22 6 0 20 7 23 10
15 3 25 18 2 25 10 19 15 9 19 2 19 17 21 22 16 21 4 24 21 14 0 11 14 19
6 18 12 21 20 25 3 11 12 13 7 11 6 2 17 13 20 12 5 7 25 18 17 0 11 8
14 7 4 23 15 4 14 20 6 15 6 5 19 18 11 4 18 20 6 19 16 22 14 18 0 25
7 10 3 19 2 7 12 3 24 18 20 5 6 16 2 18 10 14 16 3 8 22 22 13 18 0
