0 14 12 2 2 17 15 20 12 6 21 6 10 16 8 8 10 21 2 8 11 12 10 22 15 18
10 0 13 17 24 18 9 16 24 10 3 3 15 25 23 10 6 12 19 11 3 9 17 4 15 23
9 15 0 8 20 20 13 4 8 22 21 20 17 18 6 21 14 12 8 18 18 19 8 2 24 20
15 17 21 0 12 12 23 10 11 9 4 8 14 8 2 24 25 9 13 12 15 19 23 21 5 12
5 25 13 21 0 21 16 9 6 17 25 23 16 6 15 4 7 21 7 15 14 13 21 17 25 21
15 13 23 22 5 0 10 16 15 19 18 11 8 18 22 19 16 15 23 21 19 24 13 13 7 7
20 6 23 7 13 7 0 15 3 8 18 17 5 5 15 11 24 8 18 25 8 18 11 14 23 18
22 22 15 18 8 24 9 0 22 19 9 4 5 18 14 18 4 21 2 14 13 2 18 14 2 25
19 9 13 8 2 4 22 8 0 16 10 24 22 22 2 25 5 22 16 17 10 7 11 25 19 23
11 23 17 8 12 7 13 7 21 0 6 16 9 6 21 3 20 22 3 15 5 9 18 10 17 15
10 10 11 23 7 22 2 11 5 15 0 25 11 4 19 13 19 9 22 18 13 17 22 5 14 6
6 12 16 22 10 16 7 17 7 6 24 0 25 23 15 5 24 19 4 21 13 18 11 18 10 7
4 16 9 11 4 19 7 18 13 3 25 17 0 11 7 11 5 22 25 21 17 6 8 11 14 24
11 18 19 11 3 19 25 12 25 9 12 3 14 0 21 20 23 2 7 23 24 16 11 16 25 4
3 18 24 17 5 19 22 16 9 15 22 13 9 2 0 17 20 19 19 19 11 4 24 19 18 5
14 24 16 13 12 19 15 10 8 4 8 13 13 9 18 0 4 12 5 13 3 8 7 9 9 7
5 10 4 3 21 19 13 15 25 25 17 9 22 3 5 13 0 3 2 20 8 17 15 15 25 14
19 13 8 17 14 11 24 12 3 7 11 5 15 13 9 20 23 0 10 25 7 14 8 11 11 14
12 4 16 2 22 24 9 23 7 15 22 10 16 12 18 10 24 18 0 14 2 24 13 23 3 5
3 8 23 7 15 25 7 7 21 6 13 5 17 3 7 7 23 9 17 0 14 3 22 3 15 18
11 3 24 21 16 9 4 23 15 14 24 14 10 6 18 18 20 15 7 6 0 25 20 22 7 3
13 13 13 16 8 21 12 24 3 16 9 12 20 8 15 17 14 13 20 7 3 0 3 2 19 23
23 20 13 24 12 19 18 7 18 3 19 17 3 23 8 2 8 16 23 3 6 21 0 3 19 16
13 7 11 6 24 18 23 4 24 6 8 8 22 17 8 6 8 8 6 8 16 17 14 0 13 6
24 25 18 17 7 5 25 2 7 14 25 15 4 2 10 5 15 18 13 17 14 6 25 22 0 20
7 9 7 4 19 7 8 25 25 16 24 9 15 11 7 10 7 8 12 12 18 10 21 14 22 0
